$ 1 0.000005 1.2182493960703473 49 5 43 5e-11
409 80 224 192 224 1 0.6 -4.282270255033566 0.0231 0
409 288 240 400 240 1 0.6 -4.43226962741403 0.0231 0
R 128 192 128 160 0 0 40 5 0 0 0.5
R 128 256 128 288 0 0 40 -5 0 0 0.5
R 336 208 336 176 0 0 40 5 0 0 0.5
R 336 272 336 304 0 0 40 -5 0 0 0.5
R -32 208 -32 112 0 0 40 5 0 0 0.5
r -32 208 80 208 0 100000
r 80 144 192 144 0 520
r 192 224 288 224 0 5000
w 80 208 80 144 0
w 192 224 192 144 0
w 400 240 400 160 0
w 288 224 288 160 0
r 288 160 400 160 0 3300
g 80 240 80 320 0 0
g 288 256 288 336 0 0
O 192 224 192 272 1 0
O 400 240 464 240 1 0
o 17 8 0 4610 0.078125 0.1 0 2 18 0
